22
0 0 0 0 0 0 0 0 0 0 0
0 0 0 0 -11 0 0 -25 0 0 0
0 0 0 0 -21 0 0 -55 0 0 0
0 0 0 0 -21 0 0 -77 0 0 0
0 0 0 0 -13 0 0 -50 0 0 0
0 0 0 0 2 0 0 -1 0 0 0
0 -0.03 0 0 2 0 0 -1 -32 -15 0
0 -0.08 0 0 2 0 0 -1 -45 -23 0
0 -0.11 0 0 2 0 0 -1 -51 -31 0
0 -0.11 0 0 -16 -30 0 -1 -51 -31 0
0 -0.11 0 0 -32 -51 0 -1 -51 -31 0
0 -0.11 0 0 -12 -26 0 -1 -51 -31 0
0 -0.11 0 0 1 -5 0 -1 -51 -31 0
0 -0.11 0 0 27 15 0 -1 -51 -31 0
0 -0.11 0 0 33 31 0 -1 -51 -31 0
0 -0.11 0 0 1 9 0 -1 -51 -31 0
0 -0.09 0 0 1 9 0 -1 -45 -31 -28
0 -0.09 0 0 1 -8 0 -1 -30 -31 -60
0 -0.15 0 0 1 -8 0 -1 -30 -31 -76
0 -0.2 0 0 1 -8 0 -1 -30 1 -93
0 -0.2 0 0 1 -8 15 -15 8 1 -93
0 -0.2 0 0 11 -42 15 -15 8 1 -93
